57 0.081266 0.255692 0.107486 0.041384
14 0.143762 0.328683 0.229587 0.012634
15 0.088405 0.391902 0.128518 0.012648
29 0.187083 0.360867 0.210338 0.012648
24 0.500028 0.359718 0.036904 0.014946
1 0.119700 0.026956 0.177936 0.016089
60 0.889034 0.360867 0.038668 0.012648
61 0.741417 0.362594 0.038668 0.013790
9 0.129400 0.679254 0.059362 0.014933
10 0.166229 0.503394 0.011069 0.012648
5 0.033931 0.681552 0.016041 0.012648
4 0.628311 0.679254 0.056323 0.014933
27 0.843377 0.678105 0.033696 0.012634
53 0.713424 0.517191 0.017655 0.010349
54 0.740704 0.517184 0.017655 0.012648
55 0.767889 0.516613 0.017805 0.011505
20 0.694897 0.503972 0.031932 0.011492
52 0.108546 0.903394 0.062570 0.017245
21 0.602636 0.916613 0.100919 0.011505
22 0.450291 0.917762 0.094653 0.013804
17 0.109268 0.177534 0.157073 0.045981
18 0.088490 0.091324 0.131576 0.043669
63 0.490619 0.508797 0.935985 0.031008
62 0.492927 0.567480 0.940600 0.207030
41 0.816914 0.063159 0.214991 0.037930
59 0.585863 0.095343 0.208574 0.026438
58 0.660478 0.246499 0.360994 0.034476
