0 0.636471 0.274695 0.053286 0.057359
0 0.690180 0.273240 0.055880 0.058980
0 0.741758 0.273553 0.060161 0.058355
0 0.795047 0.279686 0.048990 0.046090
0 0.845753 0.274691 0.056724 0.056727
0 0.900115 0.274691 0.058875 0.056727
0 0.524096 0.351883 0.042547 0.045445
0 0.952940 0.276432 0.056901 0.053785
0 0.987141 0.279984 0.025031 0.045664
0 0.567836 0.355320 0.043411 0.041336
0 0.611625 0.355463 0.043417 0.040488
0 0.655794 0.354896 0.043411 0.040488
0 0.706568 0.357021 0.058135 0.035676
0 0.759417 0.352350 0.045302 0.043887
0 0.803393 0.355182 0.043411 0.039355
0 0.846807 0.355463 0.044167 0.038223
0 0.893786 0.351641 0.051375 0.044734
0 0.944633 0.351783 0.050318 0.045582
0 0.520141 0.435428 0.039760 0.055410
0 0.556234 0.439764 0.031865 0.046738
0 0.589792 0.441031 0.032427 0.045047
0 0.622922 0.440820 0.032146 0.045469
0 0.654927 0.445049 0.029042 0.038277
0 0.687919 0.439340 0.035245 0.048430
0 0.724438 0.438600 0.034969 0.049066
0 0.760391 0.438811 0.035250 0.046949
0 0.984102 0.352344 0.030828 0.046242
0 0.796951 0.442932 0.030464 0.039848
0 0.833266 0.437082 0.040698 0.053742
0 0.878107 0.434980 0.044599 0.057945
0 0.920758 0.433061 0.040703 0.059957
0 0.964263 0.432695 0.045818 0.062148
0 0.524674 0.519061 0.053370 0.072199
0 0.578049 0.518879 0.049474 0.071469
0 0.625937 0.519518 0.050208 0.072746
0 0.671268 0.519152 0.040453 0.071289
0 0.711237 0.518785 0.039484 0.070555
0 0.750719 0.526463 0.042896 0.057762
0 0.792516 0.526189 0.041677 0.057215
0 0.832211 0.523998 0.038349 0.063660
0 0.867742 0.524314 0.040609 0.063871
0 0.905372 0.523885 0.044297 0.062613
0 0.949375 0.519346 0.055552 0.071270
0 0.988635 0.519664 0.022229 0.070727
0 0.525727 0.613492 0.057891 0.078508
0 0.581424 0.615881 0.049172 0.072910
0 0.627031 0.617316 0.040250 0.071133
0 0.670630 0.614926 0.047354 0.075641
0 0.773732 0.615875 0.050130 0.075828
0 0.827549 0.615717 0.051182 0.076777
0 0.878313 0.615955 0.050344 0.075355
0 0.927919 0.616111 0.052661 0.075988
0 0.523747 0.716887 0.055609 0.085148
0 0.575143 0.721389 0.045078 0.073934
0 0.618852 0.721863 0.039391 0.072672
0 0.661924 0.719098 0.045922 0.077883
0 0.708643 0.719682 0.046974 0.078043
0 0.760794 0.726232 0.057495 0.063621
0 0.811745 0.726301 0.061531 0.063492
0 0.868919 0.721611 0.058766 0.073145
0 0.922422 0.720898 0.060031 0.074883
0 0.968339 0.719635 0.045708 0.078043
0 0.993279 0.720662 0.013443 0.076301
4 0.427969 0.736521 0.038990 0.043137
4 0.469888 0.736246 0.040453 0.042227
4 0.171260 0.729535 0.059531 0.057484
4 0.126474 0.728717 0.066083 0.055574
4 0.075096 0.739793 0.050693 0.033266
4 0.032240 0.739350 0.046917 0.036105
4 0.014513 0.732035 0.028859 0.048500
0 0.388464 0.733230 0.039479 0.048805
0 0.350320 0.733506 0.039724 0.048621
0 0.310352 0.734326 0.039724 0.044051
0 0.273552 0.735881 0.034365 0.042043
0 0.240042 0.736246 0.036073 0.042773
0 0.206651 0.734691 0.037531 0.045148
0 0.478997 0.626357 0.029609 0.048645
0 0.450237 0.625828 0.025099 0.048008
0 0.425141 0.625936 0.023969 0.047371
0 0.398492 0.625301 0.026505 0.047797
0 0.366628 0.632387 0.034964 0.036164
0 0.330534 0.632174 0.035526 0.035316
0 0.295797 0.623178 0.036542 0.046246
0 0.251099 0.626236 0.036542 0.045027
0 0.219776 0.632354 0.024146 0.032793
0 0.192044 0.631496 0.023495 0.033523
0 0.155503 0.626848 0.037193 0.045758
0 0.117820 0.626727 0.038172 0.045023
0 0.087638 0.634922 0.022839 0.028141
0 0.059581 0.634434 0.023495 0.029609
0 0.025951 0.639477 0.040443 0.022117
0 0.030687 0.614596 0.038969 0.026699
0 0.475331 0.569891 0.025661 0.024742
0 0.413154 0.563547 0.037224 0.035742
0 0.372266 0.562912 0.039479 0.035316
0 0.335750 0.558787 0.031865 0.043145
0 0.302474 0.559740 0.031865 0.044199
0 0.268802 0.558904 0.032948 0.043691
0 0.235760 0.557813 0.032042 0.043148
0 0.203445 0.558291 0.033318 0.044918
0 0.168201 0.555471 0.035557 0.049801
0 0.132247 0.555529 0.034776 0.049207
0 0.097870 0.555664 0.032208 0.049188
0 0.066148 0.557111 0.027380 0.043309
0 0.035940 0.559176 0.025172 0.039180
0 0.012219 0.559648 0.024438 0.038000
0 0.446661 0.569086 0.025292 0.026312
0 0.440021 0.483963 0.037281 0.051184
0 0.402315 0.481832 0.037286 0.053555
0 0.362927 0.481277 0.037281 0.053398
0 0.321958 0.483174 0.035385 0.050871
0 0.583398 0.274689 0.053286 0.058980
0 0.285008 0.483529 0.035339 0.047707
0 0.246987 0.481061 0.038755 0.052645
0 0.207870 0.481061 0.039479 0.051543
0 0.167737 0.480104 0.038828 0.049918
0 0.129469 0.481406 0.035094 0.049352
0 0.092060 0.481316 0.035339 0.048070
0 0.054406 0.479670 0.038021 0.051363
0 0.017482 0.484059 0.034849 0.043687
4 0.475000 0.491197 0.029510 0.033043
0 0.473172 0.407486 0.037073 0.051816
0 0.434734 0.408039 0.035177 0.048500
0 0.395977 0.406697 0.037703 0.052762
0 0.354794 0.405197 0.038755 0.053238
0 0.314880 0.406383 0.036437 0.049289
0 0.276927 0.406451 0.035250 0.049277
0 0.236727 0.401676 0.041672 0.056844
0 0.193714 0.401494 0.042406 0.056113
0 0.110190 0.400045 0.038911 0.058160
0 0.069445 0.401631 0.038630 0.053715
0 0.029401 0.401631 0.039760 0.052027
0 0.175081 0.320836 0.066141 0.036336
0 0.108836 0.320021 0.065932 0.035973
0 0.058927 0.320482 0.032427 0.032566
0 0.024221 0.319682 0.036443 0.033176
0 0.114914 0.233643 0.067536 0.037684
0 0.182128 0.234619 0.065578 0.039152
0 0.392323 0.239191 0.064260 0.037820
0 0.456768 0.239531 0.062443 0.037688
4 0.387859 0.312023 0.067958 0.053719
4 0.459203 0.313820 0.068521 0.056469
4 0.314969 0.311072 0.068240 0.055199
4 0.243063 0.310543 0.070500 0.055836
4 0.324273 0.223303 0.072755 0.061121
4 0.249971 0.222141 0.074161 0.061758
4 0.043729 0.219020 0.077260 0.061234
1 0.513242 0.395986 0.023255 0.026926
1 0.552474 0.396650 0.023115 0.027230
1 0.598573 0.395426 0.024750 0.026820
1 0.793297 0.395334 0.025104 0.027418
1 0.878719 0.396156 0.023396 0.027969
1 0.723789 0.324721 0.024641 0.027488
1 0.616573 0.324643 0.023802 0.029543
1 0.514904 0.324508 0.023130 0.029617
1 0.381445 0.273088 0.022422 0.029793
1 0.228552 0.261090 0.022208 0.012289
1 0.093036 0.267709 0.024854 0.029543
1 0.086857 0.357850 0.024474 0.028387
1 0.219156 0.351725 0.022031 0.012426
1 0.366036 0.354539 0.021938 0.011047
1 0.010029 0.447633 0.019047 0.027547
1 0.095951 0.441119 0.022839 0.012480
1 0.181307 0.441699 0.022844 0.011906
1 0.266471 0.451789 0.022068 0.028891
1 0.343063 0.452469 0.022083 0.029234
1 0.425617 0.454037 0.020578 0.027605
1 0.462766 0.447555 0.021167 0.012797
1 0.474576 0.529963 0.021391 0.026973
1 0.354219 0.527918 0.021385 0.028508
1 0.278385 0.527158 0.022396 0.028723
1 0.156240 0.526762 0.022990 0.028586
1 0.079083 0.525582 0.022031 0.028836
1 0.007932 0.525775 0.015688 0.028145
1 0.028198 0.590215 0.022417 0.012922
1 0.080641 0.598748 0.023250 0.029230
1 0.188539 0.591598 0.020911 0.014930
1 0.291130 0.592541 0.021979 0.013988
1 0.356177 0.600229 0.021750 0.028105
1 0.435404 0.592926 0.020578 0.012547
1 0.053174 0.669785 0.022453 0.028305
1 0.105531 0.670512 0.023031 0.029469
1 0.182372 0.662816 0.021099 0.012922
1 0.234826 0.662744 0.022255 0.015098
1 0.319797 0.670352 0.022646 0.028742
1 0.394536 0.662797 0.021542 0.014641
1 0.447445 0.663451 0.021120 0.014152
1 0.053086 0.777555 0.022495 0.031023
1 0.193102 0.769822 0.020120 0.014246
1 0.296542 0.778111 0.022417 0.030738
1 0.416456 0.778367 0.021724 0.030906
1 0.506706 0.779543 0.023068 0.031242
1 0.560232 0.778703 0.021724 0.030906
1 0.646451 0.778619 0.023068 0.030402
1 0.607393 0.771379 0.020380 0.014445
1 0.740867 0.770791 0.020828 0.014277
1 0.848974 0.771387 0.021490 0.012773
1 0.902974 0.772330 0.022260 0.011762
1 0.954849 0.769861 0.020708 0.013793
1 0.995755 0.770080 0.008490 0.013066
1 0.550375 0.482670 0.021948 0.029059
1 0.510513 0.475615 0.022391 0.012934
1 0.582065 0.482922 0.023068 0.029562
1 0.560099 0.575146 0.022917 0.028855
1 0.507404 0.565863 0.021578 0.013047
1 0.742531 0.576035 0.024146 0.027867
1 0.825195 0.567436 0.022245 0.010590
1 0.937258 0.567521 0.021620 0.012090
1 0.990992 0.568270 0.017620 0.013023
1 0.991393 0.476229 0.016995 0.013496
1 0.955904 0.476510 0.021245 0.011621
1 0.911107 0.476416 0.022620 0.012934
1 0.867836 0.476666 0.020349 0.011410
1 0.962349 0.665451 0.021375 0.012309
1 0.915057 0.673145 0.023969 0.028344
1 0.863560 0.673225 0.023755 0.029152
1 0.811737 0.672902 0.022026 0.029797
1 0.759482 0.673145 0.024182 0.030609
1 0.708448 0.672980 0.023062 0.029758
1 0.658161 0.672754 0.022396 0.030094
1 0.615893 0.672262 0.021839 0.029953
1 0.564779 0.671623 0.022026 0.030770
1 0.505938 0.665307 0.021812 0.013926
2 0.248695 0.225631 0.497391 0.094410
2 0.248695 0.314867 0.497391 0.098453
2 0.247732 0.404557 0.494516 0.097105
2 0.247451 0.488090 0.494766 0.082609
2 0.246904 0.563078 0.493807 0.077234
2 0.247992 0.634439 0.494318 0.073543
2 0.246474 0.723385 0.490323 0.110145
2 0.749706 0.257055 0.500589 0.131602
2 0.750193 0.359525 0.498656 0.072301
2 0.748078 0.439109 0.502885 0.087906
2 0.746505 0.622863 0.505906 0.095758
2 0.745188 0.725361 0.508302 0.106098
5 0.027471 0.446531 0.018755 0.039547
5 0.618927 0.482734 0.014979 0.037711
